%YAML:1.0
---
body_T_cam0: !!opencv-matrix
   rows: 4
   cols: 4
   dt: d
   data: [ 4.3933065174416752e-02, 2.6910436084994827e-02,
       9.9867197528222240e-01, 5.0380803534500229e-01,
       -9.9894879954940219e-01, 1.4274832863855669e-02,
       4.3560590279714817e-02, 6.2989893357983898e-02,
       -1.3083641052423323e-02, -9.9953592110360112e-01,
       2.7509284985018256e-02, 1.9093842630132254e-01, 0., 0., 0., 1. ]
body_T_cam1: !!opencv-matrix
   rows: 4
   cols: 4
   dt: d
   data: [ 3.8389931631587881e-02, 2.2660730269992824e-02,
       9.9900585806738529e-01, 4.9154827083961644e-01,
       -9.9916621432691022e-01, 1.4772833776877548e-02,
       3.8060997488661985e-02, 6.4621344969729849e-03,
       -1.3895657485459123e-02, -9.9963406038701563e-01,
       2.3208964156451017e-02, 1.9048030662454313e-01, 0., 0., 0., 1. ]
